mobilefacenet
0.5 0.9993648644979618
0.51 0.9993900759835388
0.52 0.9994162571416382
0.53 0.9994466402140003
0.54 0.9994734678204477
0.55 0.9995028812202876
0.56 0.999524214015776
0.5700000000000001 0.9995494255013531
0.5800000000000001 0.9995772227803227
0.5900000000000001 0.9995943536615481
0.6000000000000001 0.9996166561295586
0.6100000000000001 0.9996363728041766
0.6200000000000001 0.9996567359271427
0.6300000000000001 0.9996741900325422
0.6400000000000001 0.9996903512412455
0.6500000000000001 0.9997084517949931
0.6600000000000001 0.9997242897795223
0.6700000000000002 0.999737541970659
0.6800000000000002 0.9997495012650994
0.6900000000000002 0.9997633999045842
0.7000000000000002 0.9997789146649394
0.7100000000000002 0.9997928133044242
0.7200000000000002 0.9998038029263424
0.7300000000000002 0.9998183480141754
0.7400000000000002 0.9998270750668751
0.7500000000000002 0.9998400040338377
0.7600000000000002 0.9998474381898412
0.7700000000000002 0.9998571349150631
0.7800000000000002 0.999861336829326
0.7900000000000003 0.9998671548644592
0.8000000000000003 0.9998707103303739
0.8100000000000003 0.9998739425721146
0.8200000000000003 0.9998778212622034
0.8300000000000003 0.9998771748138552
0.8400000000000003 0.9998755586929848
0.8500000000000003 0.9998739425721146
0.8600000000000003 0.9998713567787221
0.8700000000000003 0.9998668316402851
0.8800000000000003 0.9998584278117594
0.8900000000000003 0.9998522865524522
0.9000000000000004 0.9998409737063599
0.9100000000000004 0.9998273982910492
0.9200000000000004 0.999806711943909
0.9300000000000004 0.9997824701308541
0.9400000000000004 0.9997462690233587
0.9500000000000004 0.999712653709256
0.9600000000000004 0.9996722506874978
0.9700000000000004 0.9996324941140878
0.9800000000000004 0.9995827175912817
0.9900000000000004 0.9995122547213355
1.0000000000000004 0.9994398525063449
1.0100000000000005 0.9993541981002176
1.0200000000000005 0.9992585237446943
1.0300000000000005 0.999137961127768
1.0400000000000005 0.9990177217350157
1.0500000000000005 0.9988725940808604
1.0600000000000005 0.9987012852686058
1.0700000000000005 0.9985121991267776
1.0800000000000005 0.9983118001388571
1.0900000000000005 0.9980797251818783
1.1000000000000005 0.9977956111328748
1.1100000000000005 0.9975127899805678
1.1200000000000006 0.997196999962506
1.1300000000000006 0.9968414533710342
1.1400000000000006 0.9964413018435414
1.1500000000000006 0.9959807073954984
1.1600000000000006 0.9954868208575267
1.1700000000000006 0.9949541474186671
1.1800000000000006 0.9943161028990622
1.1900000000000006 0.9936224638215182
1.2000000000000006 0.9929007042408304
1.2100000000000006 0.9920632304058273
1.2200000000000006 0.9911533543558336
1.2300000000000006 0.9901775405743306
1.2400000000000007 0.9890918305736454
1.2500000000000007 0.9878913759911669
1.2600000000000007 0.986604620554213
1.2700000000000007 0.9851853432058925
1.2800000000000007 0.9836542302933453
1.2900000000000007 0.9820309984911896
1.3000000000000007 0.9802138321845946
1.3100000000000007 0.9782660833116773
1.3200000000000007 0.9762123169096666
1.3300000000000007 0.9740282911655076
1.3400000000000007 0.9715908576688814
1.3500000000000008 0.9690115287598405
1.3600000000000008 0.9661985087729505
1.3700000000000008 0.9631349900511599
1.3800000000000008 0.9598604059437047
1.3900000000000008 0.9564329368019165
1.4000000000000008 0.9527763017207163
1.4100000000000008 0.9488465422124307
1.4200000000000008 0.9446556175715004
1.4300000000000008 0.9402267999384581
1.4400000000000008 0.9355303526892897
1.4500000000000008 0.9304951665057011
1.4600000000000009 0.9251929971543343
1.4700000000000009 0.9195546746619399
1.4800000000000009 0.9136787824016074
1.4900000000000009 0.9074302126685776
1.5000000000000009 0.9007365632478599
1.510000000000001 0.893709669703681
1.520000000000001 0.886444559943216
1.530000000000001 0.8787957830881354
1.540000000000001 0.8707675410527024
1.550000000000001 0.8623342991271654
1.560000000000001 0.8535196526762315
1.570000000000001 0.8443181068889415
1.580000000000001 0.8348149929472485
1.590000000000001 0.8248748799222193
1.600000000000001 0.8145394637323083
1.610000000000001 0.8037431298701803
1.620000000000001 0.7925424425662965
1.630000000000001 0.7810741256462868
1.640000000000001 0.7690825087884653
1.650000000000001 0.7566561554165261
1.660000000000001 0.743973162050379
1.670000000000001 0.730968560631037
1.680000000000001 0.7176307150882337
1.690000000000001 0.7037728018493594
1.700000000000001 0.6897025303281242
1.710000000000001 0.6751997848619897
1.720000000000001 0.6605014887705457
1.730000000000001 0.6455510778233309
1.740000000000001 0.6303168760512866
1.750000000000001 0.6148735482386222
1.7600000000000011 0.5992175389194228
1.7700000000000011 0.5833504642145588
1.7800000000000011 0.5672025077024321
1.7900000000000011 0.550968573560004
1.8000000000000012 0.5345057967023377
1.8100000000000012 0.5179835465966434
1.8200000000000012 0.5015511528113392
1.8300000000000012 0.48496490431918
1.8400000000000012 0.46828298147149744
1.8500000000000012 0.45180339695677973
1.8600000000000012 0.4352575514863787
1.8700000000000012 0.41874661422677667
1.8800000000000012 0.4024092483486477
1.8900000000000012 0.3862596757156506
1.9000000000000012 0.3701046082716945
1.9100000000000013 0.35426920953588886
1.9200000000000013 0.3385750597641498
1.9300000000000013 0.32309229860224936
1.9400000000000013 0.3080022548118383
1.9500000000000013 0.2931303873389212
1.9600000000000013 0.27847281749340946
1.9700000000000013 0.26422606557313466
1.9800000000000013 0.25045186739534325
1.9900000000000013 0.23699281278726547
Best 0.9998778212622034 0.8200000000000003
resnet34
0.5 0.9995041741169839
0.51 0.9995371429827385
0.52 0.9995623544683157
0.53 0.9995849801605002
0.54 0.9996072826285107
0.55 0.9996328173382618
0.56 0.9996567359271427
0.5700000000000001 0.9996806545160235
0.5800000000000001 0.9997016640873377
0.5900000000000001 0.9997249362278705
0.6000000000000001 0.9997482083684032
0.6100000000000001 0.9997718037331099
0.6200000000000001 0.9997882881659873
0.6300000000000001 0.9998089745131274
0.6400000000000001 0.9998270750668751
0.6500000000000001 0.9998425898272302
0.6600000000000001 0.9998539026733225
0.6700000000000002 0.9998694174336776
0.6800000000000002 0.9998781444863774
0.6900000000000002 0.9998891341082956
0.7000000000000002 0.9999020630752582
0.7100000000000002 0.9999094972312618
0.7200000000000002 0.9999172546114393
0.7300000000000002 0.9999233958707465
0.7400000000000002 0.9999285674575316
0.7500000000000002 0.9999360016135351
0.7600000000000002 0.9999418196486682
0.7700000000000002 0.9999469912354533
0.7800000000000002 0.9999511931497161
0.7900000000000003 0.9999550718398049
0.8000000000000003 0.9999595969782419
0.8100000000000003 0.9999608898749381
0.8200000000000003 0.999965415013375
0.8300000000000003 0.9999689704792898
0.8400000000000003 0.9999692937034638
0.8500000000000003 0.9999715562726823
0.8600000000000003 0.9999725259452045
0.8700000000000003 0.9999709098243341
0.8800000000000003 0.9999712330485082
0.8900000000000003 0.9999686472551157
0.9000000000000004 0.9999686472551157
0.9100000000000004 0.9999647685650269
0.9200000000000004 0.9999625059958084
0.9300000000000004 0.999960566650764
0.9400000000000004 0.9999547486156308
0.9500000000000004 0.9999460215629311
0.9600000000000004 0.9999369712860573
0.9700000000000004 0.999925981664139
0.9800000000000004 0.999910790127958
0.9900000000000004 0.9998952753676028
1.0000000000000004 0.999881053503944
1.0100000000000005 0.9998590742601076
1.0200000000000005 0.9998400040338377
1.0300000000000005 0.9998144693240866
1.0400000000000005 0.9997808540099837
1.0500000000000005 0.9997404509882256
1.0600000000000005 0.999692937034638
1.0700000000000005 0.9996428372876579
1.0800000000000005 0.9995736673144079
1.0900000000000005 0.9994951238401101
1.1000000000000005 0.9994220751767713
1.1100000000000005 0.9993260775970739
1.1200000000000006 0.9992129491361511
1.1300000000000006 0.99908883105331
1.1400000000000006 0.9989527536760285
1.1500000000000006 0.998782091312122
1.1600000000000006 0.9985891264802051
1.1700000000000006 0.998375475301148
1.1800000000000006 0.998132733946425
1.1900000000000006 0.9978609024160361
1.2000000000000006 0.997543819501278
1.2100000000000006 0.9971908587031988
1.2200000000000006 0.9968029896943205
1.2300000000000006 0.9963731015428137
1.2400000000000007 0.9958931136443268
1.2500000000000007 0.9953332893748457
1.2600000000000007 0.9947065577013331
1.2700000000000007 0.9940167973138778
1.2800000000000007 0.9932387967269027
1.2900000000000007 0.9924155447555585
1.3000000000000007 0.9914946790836465
1.3100000000000007 0.9904774926078631
1.3200000000000007 0.9893710962600377
1.3300000000000007 0.9881451069678082
1.3400000000000007 0.986796938937782
1.3500000000000008 0.9853337031017885
1.3600000000000008 0.98372695573251
1.3700000000000008 0.9819320918939256
1.3800000000000008 0.9800166654384148
1.3900000000000008 0.9779208798937756
1.4000000000000008 0.9756389172248748
1.4100000000000008 0.9731630200515349
1.4200000000000008 0.9704689465607008
1.4300000000000008 0.9675314852667957
1.4400000000000008 0.9643467574797306
1.4500000000000008 0.9610156091418139
1.4600000000000009 0.9573767513901872
1.4700000000000009 0.9534499008994682
1.4800000000000009 0.9492357041180053
1.4900000000000009 0.9447021618525658
1.5000000000000009 0.9399711296167725
1.510000000000001 0.9348060073152095
1.520000000000001 0.9294143048676268
1.530000000000001 0.923606289683848
1.540000000000001 0.9173829314363953
1.550000000000001 0.9108253593929592
1.560000000000001 0.9038582623209823
1.570000000000001 0.8964166721614776
1.580000000000001 0.888588829113965
1.590000000000001 0.8803304514665974
1.600000000000001 0.8716088935777943
1.610000000000001 0.8625172440096864
1.620000000000001 0.8529843934439795
1.630000000000001 0.842800569391705
1.640000000000001 0.8323487924991305
1.650000000000001 0.8213284642843752
1.660000000000001 0.8096975656048107
1.670000000000001 0.7976487380681796
1.680000000000001 0.7852472729576434
1.690000000000001 0.7722969731995444
1.700000000000001 0.7588809074066173
1.710000000000001 0.7448953206189872
1.720000000000001 0.7305512782223188
1.730000000000001 0.7157579542236996
1.740000000000001 0.7005011267594707
1.750000000000001 0.6848499658028824
1.7600000000000011 0.66880253200889
1.7700000000000011 0.6524105412453439
1.7800000000000011 0.6356636503386743
1.7900000000000011 0.618675957422326
1.8000000000000012 0.6012205591261053
1.8100000000000012 0.583683385113846
1.8200000000000012 0.5658449661713579
1.8300000000000012 0.5475572656269192
1.8400000000000012 0.5292424142518589
1.8500000000000012 0.5108221917960533
1.8600000000000012 0.49255065246031776
1.8700000000000012 0.4739507173637319
1.8800000000000012 0.45553502004636326
1.8900000000000012 0.43690049996315244
1.9000000000000012 0.4185416901004193
1.9100000000000013 0.40024720184832513
1.9200000000000013 0.3820538827627134
1.9300000000000013 0.36416924276333396
1.9400000000000013 0.34663497776864133
1.9500000000000013 0.3291960639052979
1.9600000000000013 0.3121582712419695
1.9700000000000013 0.29538875464311526
1.9800000000000013 0.27907433768134493
1.9900000000000013 0.26305502439049616
Best 0.9999725259452045 0.8600000000000003
resnet50
0.5 0.9995387591036089
0.51 0.999568818951797
0.52 0.9995998484725072
0.53 0.9996315244415656
0.54 0.999653180461228
0.55 0.9996790383951532
0.56 0.9997019873115118
0.5700000000000001 0.9997252594520445
0.5800000000000001 0.9997459457991847
0.5900000000000001 0.9997653392496286
0.6000000000000001 0.9997850559242466
0.6100000000000001 0.9998044493746905
0.6200000000000001 0.9998173783416531
0.6300000000000001 0.9998312769811379
0.6400000000000001 0.9998471149656671
0.6500000000000001 0.9998639226227185
0.6600000000000001 0.9998787909347255
0.6700000000000002 0.9998904270049919
0.6800000000000002 0.9998998005060398
0.6900000000000002 0.9999101436796098
0.7000000000000002 0.9999191939564837
0.7100000000000002 0.9999266281124872
0.7200000000000002 0.9999327693717944
0.7300000000000002 0.9999382641827536
0.7400000000000002 0.9999444054420608
0.7500000000000002 0.9999492538046717
0.7600000000000002 0.9999528092705865
0.7700000000000002 0.9999563647365012
0.7800000000000002 0.9999599202024159
0.7900000000000003 0.9999621827716344
0.8000000000000003 0.9999641221166787
0.8100000000000003 0.9999660614617232
0.8200000000000003 0.9999686472551157
0.8300000000000003 0.9999722027210304
0.8400000000000003 0.9999734956177266
0.8500000000000003 0.999975111738597
0.8600000000000003 0.9999760814111192
0.8700000000000003 0.9999760814111192
0.8800000000000003 0.9999757581869451
0.8900000000000003 0.9999728491693786
0.9000000000000004 0.9999709098243341
0.9100000000000004 0.9999676775825935
0.9200000000000004 0.9999637988925046
0.9300000000000004 0.9999621827716344
0.9400000000000004 0.9999563647365012
0.9500000000000004 0.999950546701368
0.9600000000000004 0.9999427893211904
0.9700000000000004 0.9999337390443166
0.9800000000000004 0.9999195171806577
0.9900000000000004 0.9999069114378693
1.0000000000000004 0.9998933360225585
1.0100000000000005 0.9998716800028961
1.0200000000000005 0.9998493775348856
1.0300000000000005 0.99982190348009
1.0400000000000005 0.9997882881659873
1.0500000000000005 0.9997491780409253
1.0600000000000005 0.9997000479664674
1.0700000000000005 0.9996489785469651
1.0800000000000005 0.9995901517472853
1.0900000000000005 0.9995122547213355
1.1000000000000005 0.9994311254536451
1.1100000000000005 0.9993234918036814
1.1200000000000006 0.9992087472218882
1.1300000000000006 0.999073962741303
1.1400000000000006 0.9989310976563661
1.1500000000000006 0.998761728189156
1.1600000000000006 0.9985742581681981
1.1700000000000006 0.998346061901308
1.1800000000000006 0.998093623821363
1.1900000000000006 0.9978234084118445
1.2000000000000006 0.997514406101438
1.2100000000000006 0.9971740510461473
1.2200000000000006 0.9967800407779618
1.2300000000000006 0.9963488597297587
1.2400000000000007 0.9958643466928349
1.2500000000000007 0.9953071082167464
1.2600000000000007 0.9947046183562888
1.2700000000000007 0.9940061309161337
1.2800000000000007 0.9932656243333502
1.2900000000000007 0.992447543948791
1.3000000000000007 0.9915089009473054
1.3100000000000007 0.9904836338671704
1.3200000000000007 0.9893733588292561
1.3300000000000007 0.9881260367415383
1.3400000000000007 0.9867581520368941
1.3500000000000008 0.9852771388713271
1.3600000000000008 0.983637422636294
1.3700000000000008 0.9818118525011733
1.3800000000000008 0.97985408367886
1.3900000000000008 0.9777178951124627
1.4000000000000008 0.9753606212110046
1.4100000000000008 0.9728562803103469
1.4200000000000008 0.9701289147295842
1.4300000000000008 0.9671552523281838
1.4400000000000008 0.9640432499802833
1.4500000000000008 0.9605928319221366
1.4600000000000009 0.9568544211248977
1.4700000000000009 0.952849673608229
1.4800000000000009 0.9485498224206388
1.4900000000000009 0.9439506656478641
1.5000000000000009 0.9390415368921607
1.510000000000001 0.9337788008900301
1.520000000000001 0.9282005980940117
1.530000000000001 0.922348947646734
1.540000000000001 0.916069348392994
1.550000000000001 0.9093149328275522
1.560000000000001 0.9022033545497681
1.570000000000001 0.8947371993530345
1.580000000000001 0.8867228559570862
1.590000000000001 0.8784082373034312
1.600000000000001 0.8696414280302589
1.610000000000001 0.8603745909598077
1.620000000000001 0.8505812217098042
1.630000000000001 0.8403266115634095
1.640000000000001 0.8296469616281189
1.650000000000001 0.8185257874710553
1.660000000000001 0.8067636597768202
1.670000000000001 0.794678954356868
1.680000000000001 0.7821149074867769
1.690000000000001 0.7689945918131196
1.700000000000001 0.7554198229507264
1.710000000000001 0.7413547230162763
1.720000000000001 0.7268897947785073
1.730000000000001 0.7119675043344361
1.740000000000001 0.6965668421127483
1.750000000000001 0.6807569780866939
1.7600000000000011 0.6645776688296828
1.7700000000000011 0.6479865719749126
1.7800000000000011 0.631026676337534
1.7900000000000011 0.6139694902237617
1.8000000000000012 0.5963987008973995
1.8100000000000012 0.5785004854827095
1.8200000000000012 0.5605156459893698
1.8300000000000012 0.5423475383893351
1.8400000000000012 0.5240094148737422
1.8500000000000012 0.5055727079850593
1.8600000000000012 0.4871414959073355
1.8700000000000012 0.46862301330261413
1.8800000000000012 0.45014428727130273
1.8900000000000012 0.4316384104093699
1.9000000000000012 0.41313770513422204
1.9100000000000013 0.39487747864457884
1.9200000000000013 0.37686290252722515
1.9300000000000013 0.35895951552574995
1.9400000000000013 0.3414313917903646
1.9500000000000013 0.32394334785256323
1.9600000000000013 0.30694789755603735
1.9700000000000013 0.290331265991516
1.9800000000000013 0.27403656570436363
1.9900000000000013 0.25820310631360244
Best 0.9999760814111192 0.8600000000000003
resnet100
0.5 0.9995956465582444
0.51 0.9996299083206953
0.52 0.9996544733579242
0.53 0.9996809777401976
0.54 0.9997032802082081
0.55 0.9997255826762186
0.56 0.9997462690233587
0.5700000000000001 0.999766955370499
0.5800000000000001 0.9997869952692909
0.5900000000000001 0.9998083280647793
0.6000000000000001 0.9998222267042641
0.6100000000000001 0.9998358021195748
0.6200000000000001 0.9998535794491484
0.6300000000000001 0.9998694174336776
0.6400000000000001 0.9998836392973365
0.6500000000000001 0.9998936592467326
0.6600000000000001 0.999905941765347
0.6700000000000002 0.9999153152663949
0.6800000000000002 0.9999246887674428
0.6900000000000002 0.9999324461476203
0.7000000000000002 0.9999424660970164
0.7100000000000002 0.9999495770288458
0.7200000000000002 0.9999547486156308
0.7300000000000002 0.9999592737540678
0.7400000000000002 0.999965415013375
0.7500000000000002 0.9999692937034638
0.7600000000000002 0.9999712330485082
0.7700000000000002 0.9999731723935525
0.7800000000000002 0.9999747885144229
0.7900000000000003 0.9999770510836413
0.8000000000000003 0.9999789904286858
0.8100000000000003 0.999980283325382
0.8200000000000003 0.9999815762220783
0.8300000000000003 0.9999835155671226
0.8400000000000003 0.9999838387912967
0.8500000000000003 0.9999844852396449
0.8600000000000003 0.9999854549121671
0.8700000000000003 0.9999861013605152
0.8800000000000003 0.9999873942572115
0.8900000000000003 0.9999870710330374
0.9000000000000004 0.9999873942572115
0.9100000000000004 0.9999867478088633
0.9200000000000004 0.9999854549121671
0.9300000000000004 0.9999835155671226
0.9400000000000004 0.9999825458946004
0.9500000000000004 0.999980283325382
0.9600000000000004 0.9999780207561636
0.9700000000000004 0.9999731723935525
0.9800000000000004 0.9999692937034638
0.9900000000000004 0.9999650917892009
1.0000000000000004 0.9999570111848494
1.0100000000000005 0.9999518395980643
1.0200000000000005 0.9999473144596274
1.0300000000000005 0.9999360016135351
1.0400000000000005 0.9999246887674428
1.0500000000000005 0.999910790127958
1.0600000000000005 0.9998933360225585
1.0700000000000005 0.9998771748138552
1.0800000000000005 0.9998535794491484
1.0900000000000005 0.9998283679635713
1.1000000000000005 0.9998005706846017
1.1100000000000005 0.9997679250430211
1.1200000000000006 0.9997294613663074
1.1300000000000006 0.9996842099819382
1.1400000000000006 0.9996399282700913
1.1500000000000006 0.9995772227803227
1.1600000000000006 0.9995238907916019
1.1700000000000006 0.99944502409313
1.1800000000000006 0.999356137445262
1.1900000000000006 0.9992439786568613
1.2000000000000006 0.999118567677324
1.2100000000000006 0.9989815206275203
1.2200000000000006 0.9988296052657096
1.2300000000000006 0.9986473068315369
1.2400000000000007 0.9984543419996199
1.2500000000000007 0.998222267042641
1.2600000000000007 0.9979750005494811
1.2700000000000007 0.9976876542587371
1.2800000000000007 0.9973734803615456
1.2900000000000007 0.9970059744756334
1.3000000000000007 0.9966122874316219
1.3100000000000007 0.9961455517242717
1.3200000000000007 0.995637443322641
1.3300000000000007 0.9950588720510642
1.3400000000000007 0.9944295545841592
1.3500000000000008 0.9937110272452121
1.3600000000000008 0.9929404608142405
1.3700000000000008 0.992066139423394
1.3800000000000008 0.991105840402246
1.3900000000000008 0.9900114033488611
1.4000000000000008 0.9887828282632389
1.4100000000000008 0.9874550233561789
1.4200000000000008 0.9860205544716771
1.4300000000000008 0.9844060497222211
1.4400000000000008 0.982647063766958
1.4500000000000008 0.9807242031554437
1.4600000000000009 0.9786268014899342
1.4700000000000009 0.976288597814746
1.4800000000000009 0.9737693886020813
1.4900000000000009 0.9710368514345336
1.5000000000000009 0.9679739791610911
1.510000000000001 0.9646942234668507
1.520000000000001 0.961159443899273
1.530000000000001 0.9573298838849477
1.540000000000001 0.9531661100746389
1.550000000000001 0.9487027074549716
1.560000000000001 0.9438326888243302
1.570000000000001 0.938655930452501
1.580000000000001 0.9330195473051508
1.590000000000001 0.9269710533358674
1.600000000000001 0.9204438643647934
1.610000000000001 0.913449616462195
1.620000000000001 0.9060151372345199
1.630000000000001 0.8980185711681451
1.640000000000001 0.8895171289418804
1.650000000000001 0.880398328543151
1.660000000000001 0.8707885506240166
1.670000000000001 0.860519718613963
1.680000000000001 0.8497663735669856
1.690000000000001 0.8383129249589828
1.700000000000001 0.8263148436176802
1.710000000000001 0.8136192445087445
1.720000000000001 0.800260389394627
1.730000000000001 0.7862912870398743
1.740000000000001 0.7717345631366708
1.750000000000001 0.7565216941601149
1.7600000000000011 0.740734455826245
1.7700000000000011 0.7243382631484362
1.7800000000000011 0.7073964680648052
1.7900000000000011 0.6898305271010541
1.8000000000000012 0.6716068249430802
1.8100000000000012 0.6529865267235283
1.8200000000000012 0.6337863643357032
1.8300000000000012 0.6141269003965314
1.8400000000000012 0.5940527398420339
1.8500000000000012 0.5735231564262784
1.8600000000000012 0.5528138603697426
1.8700000000000012 0.5317037663373658
1.8800000000000012 0.5104611503936224
1.8900000000000012 0.4890879518835565
1.9000000000000012 0.46759742299830503
1.9100000000000013 0.4460470976408514
1.9200000000000013 0.42466452562973767
1.9300000000000013 0.40327710525601296
1.9400000000000013 0.382126284977704
1.9500000000000013 0.36120366096628514
1.9600000000000013 0.3406149275266757
1.9700000000000013 0.3204673950846653
1.9800000000000013 0.30061528953775063
1.9900000000000013 0.28142643999601785
Best 0.9999873942572115 0.8800000000000003

